feed,title,long_url,short_url
HexVideo,The Ascent - Now with added mouse! - Linux,https://yewtu.be/watch?v=e3g4XX39tUk,https://j.mp/2ZwRvF3
