feed,title,long_url,short_url
r/NetSec,How to prove false statements? (Part 1),https://redd.it/1ihth34,
