feed,title,long_url,short_url
GithubCommitStaging,[Web] Fix get custom_login,https://github.com/mailcow/mailcow-dockerized/commit/03d979c089a5bda1608c5e55b47e16c191036a25,https://da.gd/LdLq
