feed,title,long_url,short_url
LinuxSecurity,Closing the Security Gap: Navigating Modern Technology and Outdated Systems in Linux Security,https://linuxsecurity.com/features/features/closing-the-linux-security-gap,https://da.gd/vHPAvG
