feed,title,long_url,short_url
gNews,"Youth leaders push for AI-driven public services, stronger cybersecurity at CAYA Summit 25 - Associated Press of Pakistan",https://news.google.com/rss/articles/CBMivwFBVV95cUxQbjY3WXpxdmZ3ZmJndmVLYWR5emtyQWNTUlMwQVpBdjVMMG5YUnVDWWlGOWFYMWphTlVSTXM5RTVXeTRTcmRBVDZiV0JUUnNDemFPTzJudWpVWUlNMTBEUDBwNW5ueGE3OWFWNVJwN1M0R3E3WFUtM1p5THRISlQtM2RhZWxjNC11UmJDejM5eUJTQm1TdDhrenMwZVRRdXpuRTNmMzJxdVAwalhkMWxOTDQxY3JHRjlfa01wM25DOA?oc=5,https://da.gd/EBKpe
