feed,title,long_url,short_url
HexVideo,Steam Library - Never played? Lies!,https://yewtu.be/watch?v=0c-jtg2Nxmo,https://bit.ly/36v6XoG
